             o  ,    o  ,                                 AINSWORTH, NEBRASKA                          Astronomical Applications Dept.
Location: W099 52, N42 33                               Civil Twilight for 2013                        U. S. Naval Observatory        
                                                                                                       Washington, DC  20392-5420     
                                                         Central Standard Time                                                        
                                                                                                                                      
                                                                                                                                      
       Jan.       Feb.       Mar.       Apr.       May        June       July       Aug.       Sept.      Oct.       Nov.       Dec.  
Day Begin End  Begin End  Begin End  Begin End  Begin End  Begin End  Begin End  Begin End  Begin End  Begin End  Begin End  Begin End
     h m  h m   h m  h m   h m  h m   h m  h m   h m  h m   h m  h m   h m  h m   h m  h m   h m  h m   h m  h m   h m  h m   h m  h m
01  0737 1749  0723 1823  0646 1858  0553 1934  0503 2011  0430 2045  0431 2055  0500 2031  0536 1942  0609 1848  0644 1801  0718 1739
02  0738 1750  0722 1825  0645 1859  0551 1935  0502 2012  0430 2046  0432 2055  0501 2030  0537 1940  0610 1847  0645 1800  0719 1738
03  0738 1751  0721 1826  0643 1900  0549 1937  0500 2013  0429 2046  0432 2055  0502 2028  0538 1938  0611 1845  0647 1759  0720 1738
04  0738 1752  0720 1827  0641 1901  0548 1938  0459 2014  0429 2047  0433 2055  0503 2027  0539 1937  0612 1843  0648 1758  0721 1738
05  0738 1753  0719 1828  0640 1903  0546 1939  0457 2016  0428 2048  0434 2054  0504 2025  0540 1935  0613 1842  0649 1757  0722 1738
06  0738 1754  0718 1830  0638 1904  0544 1940  0456 2017  0428 2049  0434 2054  0506 2024  0541 1933  0614 1840  0650 1756  0723 1738
07  0737 1755  0717 1831  0637 1905  0542 1941  0455 2018  0428 2049  0435 2053  0507 2023  0542 1931  0615 1838  0651 1755  0724 1738
08  0737 1756  0716 1832  0635 1906  0541 1943  0453 2019  0427 2050  0436 2053  0508 2021  0544 1930  0617 1836  0652 1753  0725 1738
09  0737 1757  0715 1833  0633 1907  0539 1944  0452 2020  0427 2051  0437 2052  0509 2020  0545 1928  0618 1835  0654 1752  0726 1738
10  0737 1758  0713 1835  0631 1908  0537 1945  0451 2022  0427 2051  0438 2052  0510 2018  0546 1926  0619 1833  0655 1752  0727 1738
11  0737 1759  0712 1836  0630 1910  0535 1946  0450 2023  0427 2052  0438 2051  0511 2017  0547 1924  0620 1832  0656 1751  0727 1738
12  0736 1800  0711 1837  0628 1911  0534 1947  0448 2024  0427 2052  0439 2051  0513 2015  0548 1922  0621 1830  0657 1750  0728 1738
13  0736 1801  0710 1838  0626 1912  0532 1949  0447 2025  0426 2053  0440 2050  0514 2014  0549 1920  0622 1828  0658 1749  0729 1739
14  0736 1802  0708 1840  0625 1913  0530 1950  0446 2026  0426 2053  0441 2049  0515 2012  0550 1919  0623 1827  0700 1748  0730 1739
15  0735 1803  0707 1841  0623 1914  0529 1951  0445 2027  0426 2054  0442 2048  0516 2011  0551 1917  0624 1825  0701 1747  0730 1739
16  0735 1804  0706 1842  0621 1916  0527 1952  0444 2029  0426 2054  0443 2048  0517 2009  0552 1915  0626 1824  0702 1746  0731 1739
17  0734 1805  0704 1843  0619 1917  0525 1954  0443 2030  0426 2055  0444 2047  0518 2007  0553 1913  0627 1822  0703 1746  0732 1740
18  0734 1807  0703 1844  0618 1918  0523 1955  0442 2031  0427 2055  0445 2046  0520 2006  0555 1911  0628 1821  0704 1745  0732 1740
19  0733 1808  0701 1846  0616 1919  0522 1956  0441 2032  0427 2055  0446 2045  0521 2004  0556 1910  0629 1819  0705 1744  0733 1741
20  0733 1809  0700 1847  0614 1920  0520 1957  0440 2033  0427 2055  0447 2044  0522 2003  0557 1908  0630 1818  0706 1743  0733 1741
21  0732 1810  0658 1848  0612 1921  0519 1958  0439 2034  0427 2056  0448 2043  0523 2001  0558 1906  0631 1816  0708 1743  0734 1742
22  0732 1811  0657 1849  0611 1923  0517 2000  0438 2035  0427 2056  0449 2042  0524 1959  0559 1904  0632 1815  0709 1742  0734 1742
23  0731 1812  0656 1851  0609 1924  0515 2001  0437 2036  0428 2056  0450 2041  0525 1958  0600 1902  0634 1813  0710 1742  0735 1743
24  0730 1814  0654 1852  0607 1925  0514 2002  0436 2037  0428 2056  0451 2040  0527 1956  0601 1901  0635 1812  0711 1741  0735 1743
25  0729 1815  0653 1853  0605 1926  0512 2003  0435 2038  0428 2056  0452 2039  0528 1954  0602 1859  0636 1810  0712 1741  0736 1744
26  0729 1816  0651 1854  0604 1927  0511 2005  0434 2039  0429 2056  0453 2038  0529 1953  0603 1857  0637 1809  0713 1740  0736 1744
27  0728 1817  0649 1855  0602 1928  0509 2006  0434 2040  0429 2056  0454 2037  0530 1951  0604 1855  0638 1808  0714 1740  0736 1745
28  0727 1818  0648 1857  0600 1930  0508 2007  0433 2041  0430 2056  0455 2036  0531 1949  0605 1854  0639 1806  0715 1740  0737 1746
29  0726 1820             0558 1931  0506 2008  0432 2042  0430 2056  0456 2035  0532 1947  0607 1852  0641 1805  0716 1739  0737 1747
30  0725 1821             0556 1932  0505 2009  0432 2043  0431 2056  0458 2033  0533 1946  0608 1850  0642 1804  0717 1739  0737 1747
31  0724 1822             0555 1933             0431 2044             0459 2032  0535 1944             0643 1803             0737 1748

                                             Add one hour for daylight time, if and when in use.

             o  ,    o  ,                                 AINSWORTH, NEBRASKA                          Astronomical Applications Dept.
Location: W099 52, N42 33                          Rise and Set for the Sun for 2013                   U. S. Naval Observatory        
                                                                                                       Washington, DC  20392-5420     
                                                         Central Standard Time                                                        
                                                                                                                                      
                                                                                                                                      
       Jan.       Feb.       Mar.       Apr.       May        June       July       Aug.       Sept.      Oct.       Nov.       Dec.  
Day Rise  Set  Rise  Set  Rise  Set  Rise  Set  Rise  Set  Rise  Set  Rise  Set  Rise  Set  Rise  Set  Rise  Set  Rise  Set  Rise  Set
     h m  h m   h m  h m   h m  h m   h m  h m   h m  h m   h m  h m   h m  h m   h m  h m   h m  h m   h m  h m   h m  h m   h m  h m
01  0809 1717  0753 1754  0714 1830  0621 1906  0534 1940  0504 2011  0506 2021  0532 1959  0605 1913  0637 1820  0713 1732  0750 1707
02  0809 1718  0752 1755  0713 1831  0620 1907  0533 1941  0504 2011  0506 2020  0533 1958  0606 1911  0638 1819  0715 1731  0751 1707
03  0809 1719  0751 1756  0711 1832  0618 1908  0531 1942  0504 2012  0507 2020  0534 1957  0607 1910  0639 1817  0716 1729  0752 1707
04  0809 1720  0750 1758  0710 1833  0616 1909  0530 1943  0503 2013  0508 2020  0535 1955  0608 1908  0640 1815  0717 1728  0753 1706
05  0809 1721  0749 1759  0708 1834  0614 1910  0529 1944  0503 2013  0508 2020  0536 1954  0609 1906  0641 1813  0719 1727  0754 1706
06  0809 1722  0747 1800  0706 1836  0613 1911  0527 1945  0503 2014  0509 2019  0537 1953  0610 1904  0643 1812  0720 1726  0755 1706
07  0809 1723  0746 1801  0705 1837  0611 1913  0526 1946  0502 2015  0510 2019  0538 1952  0611 1903  0644 1810  0721 1725  0756 1706
08  0809 1724  0745 1803  0703 1838  0609 1914  0525 1948  0502 2015  0510 2019  0539 1950  0612 1901  0645 1808  0722 1724  0757 1706
09  0809 1725  0744 1804  0701 1839  0608 1915  0524 1949  0502 2016  0511 2018  0540 1949  0613 1859  0646 1807  0724 1723  0758 1706
10  0808 1726  0743 1805  0700 1840  0606 1916  0523 1950  0502 2016  0512 2018  0541 1948  0614 1857  0647 1805  0725 1722  0759 1706
11  0808 1727  0741 1807  0658 1842  0604 1917  0521 1951  0502 2017  0512 2017  0542 1946  0615 1856  0648 1803  0726 1720  0759 1706
12  0808 1729  0740 1808  0656 1843  0603 1918  0520 1952  0501 2017  0513 2017  0543 1945  0616 1854  0649 1802  0727 1719  0800 1706
13  0807 1730  0739 1809  0654 1844  0601 1919  0519 1953  0501 2018  0514 2016  0544 1943  0617 1852  0651 1800  0729 1719  0801 1707
14  0807 1731  0737 1811  0653 1845  0559 1921  0518 1954  0501 2018  0515 2015  0546 1942  0619 1850  0652 1758  0730 1718  0802 1707
15  0806 1732  0736 1812  0651 1846  0558 1922  0517 1955  0501 2019  0516 2015  0547 1940  0620 1849  0653 1757  0731 1717  0802 1707
16  0806 1733  0734 1813  0649 1847  0556 1923  0516 1956  0501 2019  0516 2014  0548 1939  0621 1847  0654 1755  0732 1716  0803 1707
17  0805 1734  0733 1814  0647 1849  0555 1924  0515 1957  0501 2019  0517 2013  0549 1937  0622 1845  0655 1754  0734 1715  0804 1708
18  0805 1736  0731 1816  0646 1850  0553 1925  0514 1958  0502 2020  0518 2013  0550 1936  0623 1843  0656 1752  0735 1714  0804 1708
19  0804 1737  0730 1817  0644 1851  0551 1926  0513 1959  0502 2020  0519 2012  0551 1934  0624 1842  0658 1750  0736 1713  0805 1708
20  0804 1738  0729 1818  0642 1852  0550 1927  0513 2000  0502 2020  0520 2011  0552 1933  0625 1840  0659 1749  0737 1713  0806 1709
21  0803 1739  0727 1820  0640 1853  0548 1928  0512 2001  0502 2021  0521 2010  0553 1931  0626 1838  0700 1747  0738 1712  0806 1709
22  0802 1741  0726 1821  0639 1854  0547 1930  0511 2002  0502 2021  0522 2009  0554 1930  0627 1836  0701 1746  0740 1711  0807 1710
23  0801 1742  0724 1822  0637 1856  0545 1931  0510 2003  0503 2021  0523 2008  0555 1928  0628 1834  0702 1744  0741 1711  0807 1710
24  0801 1743  0722 1823  0635 1857  0544 1932  0509 2004  0503 2021  0524 2007  0556 1926  0629 1833  0704 1743  0742 1710  0807 1711
25  0800 1744  0721 1825  0634 1858  0542 1933  0509 2005  0503 2021  0525 2007  0557 1925  0630 1831  0705 1742  0743 1710  0808 1712
26  0759 1746  0719 1826  0632 1859  0541 1934  0508 2006  0504 2021  0526 2006  0558 1923  0631 1829  0706 1740  0744 1709  0808 1712
27  0758 1747  0718 1827  0630 1900  0539 1935  0507 2006  0504 2021  0527 2005  0559 1921  0633 1827  0707 1739  0745 1709  0808 1713
28  0757 1748  0716 1828  0628 1901  0538 1936  0507 2007  0504 2021  0528 2003  0600 1920  0634 1826  0708 1737  0747 1708  0809 1714
29  0756 1750             0627 1902  0537 1938  0506 2008  0505 2021  0529 2002  0602 1918  0635 1824  0710 1736  0748 1708  0809 1715
30  0755 1751             0625 1903  0535 1939  0505 2009  0505 2021  0530 2001  0603 1916  0636 1822  0711 1735  0749 1707  0809 1715
31  0754 1752             0623 1905             0505 2010             0531 2000  0604 1915             0712 1733             0809 1716

                                             Add one hour for daylight time, if and when in use.

             o  ,    o  ,                                 AINSWORTH, NEBRASKA                          Astronomical Applications Dept.
Location: W099 52, N42 33                               Civil Twilight for 2014                        U. S. Naval Observatory        
                                                                                                       Washington, DC  20392-5420     
                                                         Central Standard Time                                                        
                                                                                                                                      
                                                                                                                                      
       Jan.       Feb.       Mar.       Apr.       May        June       July       Aug.       Sept.      Oct.       Nov.       Dec.  
Day Begin End  Begin End  Begin End  Begin End  Begin End  Begin End  Begin End  Begin End  Begin End  Begin End  Begin End  Begin End
     h m  h m   h m  h m   h m  h m   h m  h m   h m  h m   h m  h m   h m  h m   h m  h m   h m  h m   h m  h m   h m  h m   h m  h m
01  0737 1749  0723 1823  0647 1858  0553 1934  0503 2010  0431 2045  0431 2055  0500 2031  0535 1942  0609 1849  0644 1802  0718 1739
02  0738 1750  0723 1824  0645 1859  0552 1935  0502 2012  0430 2045  0432 2055  0501 2030  0537 1941  0610 1847  0645 1800  0719 1738
03  0738 1751  0721 1826  0643 1900  0550 1936  0501 2013  0429 2046  0432 2055  0502 2029  0538 1939  0611 1845  0646 1759  0720 1738
04  0738 1752  0720 1827  0642 1901  0548 1938  0459 2014  0429 2047  0433 2055  0503 2027  0539 1937  0612 1844  0647 1758  0721 1738
05  0738 1753  0719 1828  0640 1902  0546 1939  0458 2015  0429 2048  0434 2054  0504 2026  0540 1935  0613 1842  0649 1757  0722 1738
06  0738 1754  0718 1829  0639 1903  0545 1940  0456 2016  0428 2049  0434 2054  0505 2024  0541 1934  0614 1840  0650 1756  0723 1738
07  0737 1754  0717 1831  0637 1905  0543 1941  0455 2018  0428 2049  0435 2053  0507 2023  0542 1932  0615 1839  0651 1755  0724 1738
08  0737 1755  0716 1832  0635 1906  0541 1942  0454 2019  0428 2050  0436 2053  0508 2022  0543 1930  0616 1837  0652 1754  0725 1738
09  0737 1756  0715 1833  0634 1907  0539 1944  0452 2020  0427 2051  0437 2053  0509 2020  0544 1928  0617 1835  0653 1753  0726 1738
10  0737 1757  0714 1834  0632 1908  0538 1945  0451 2021  0427 2051  0437 2052  0510 2019  0546 1926  0619 1834  0655 1752  0726 1738
11  0737 1759  0712 1836  0630 1909  0536 1946  0450 2023  0427 2052  0438 2051  0511 2017  0547 1925  0620 1832  0656 1751  0727 1738
12  0736 1800  0711 1837  0628 1911  0534 1947  0449 2024  0427 2052  0439 2051  0512 2016  0548 1923  0621 1830  0657 1750  0728 1738
13  0736 1801  0710 1838  0627 1912  0532 1948  0447 2025  0427 2053  0440 2050  0514 2014  0549 1921  0622 1829  0658 1749  0729 1739
14  0736 1802  0709 1839  0625 1913  0531 1950  0446 2026  0426 2053  0441 2049  0515 2013  0550 1919  0623 1827  0659 1748  0729 1739
15  0735 1803  0707 1840  0623 1914  0529 1951  0445 2027  0426 2054  0442 2049  0516 2011  0551 1917  0624 1826  0700 1747  0730 1739
16  0735 1804  0706 1842  0622 1915  0527 1952  0444 2028  0426 2054  0443 2048  0517 2009  0552 1915  0625 1824  0702 1746  0731 1739
17  0735 1805  0704 1843  0620 1916  0526 1953  0443 2029  0426 2054  0444 2047  0518 2008  0553 1914  0626 1822  0703 1746  0732 1740
18  0734 1806  0703 1844  0618 1918  0524 1954  0442 2031  0427 2055  0445 2046  0519 2006  0554 1912  0628 1821  0704 1745  0732 1740
19  0733 1807  0702 1845  0616 1919  0522 1956  0441 2032  0427 2055  0446 2045  0521 2005  0555 1910  0629 1819  0705 1744  0733 1740
20  0733 1809  0700 1847  0615 1920  0521 1957  0440 2033  0427 2055  0447 2044  0522 2003  0557 1908  0630 1818  0706 1744  0733 1741
21  0732 1810  0659 1848  0613 1921  0519 1958  0439 2034  0427 2056  0448 2044  0523 2001  0558 1906  0631 1816  0707 1743  0734 1741
22  0732 1811  0657 1849  0611 1922  0517 1959  0438 2035  0427 2056  0449 2043  0524 2000  0559 1905  0632 1815  0708 1742  0734 1742
23  0731 1812  0656 1850  0609 1923  0516 2001  0437 2036  0428 2056  0450 2042  0525 1958  0600 1903  0633 1814  0710 1742  0735 1742
24  0730 1813  0654 1851  0607 1925  0514 2002  0436 2037  0428 2056  0451 2041  0526 1956  0601 1901  0634 1812  0711 1741  0735 1743
25  0730 1814  0653 1853  0606 1926  0513 2003  0435 2038  0428 2056  0452 2039  0527 1955  0602 1859  0636 1811  0712 1741  0736 1744
26  0729 1816  0651 1854  0604 1927  0511 2004  0435 2039  0429 2056  0453 2038  0529 1953  0603 1858  0637 1809  0713 1740  0736 1744
27  0728 1817  0650 1855  0602 1928  0509 2005  0434 2040  0429 2056  0454 2037  0530 1951  0604 1856  0638 1808  0714 1740  0736 1745
28  0727 1818  0648 1856  0600 1929  0508 2007  0433 2041  0429 2056  0455 2036  0531 1949  0605 1854  0639 1807  0715 1740  0737 1746
29  0726 1819             0559 1930  0506 2008  0432 2042  0430 2056  0456 2035  0532 1948  0606 1852  0640 1805  0716 1739  0737 1746
30  0725 1821             0557 1932  0505 2009  0432 2043  0430 2056  0457 2034  0533 1946  0607 1851  0642 1804  0717 1739  0737 1747
31  0724 1822             0555 1933             0431 2044             0459 2032  0534 1944             0643 1803             0737 1748

                                             Add one hour for daylight time, if and when in use.

             o  ,    o  ,                                 AINSWORTH, NEBRASKA                          Astronomical Applications Dept.
Location: W099 52, N42 33                          Rise and Set for the Sun for 2014                   U. S. Naval Observatory        
                                                                                                       Washington, DC  20392-5420     
                                                         Central Standard Time                                                        
                                                                                                                                      
                                                                                                                                      
       Jan.       Feb.       Mar.       Apr.       May        June       July       Aug.       Sept.      Oct.       Nov.       Dec.  
Day Rise  Set  Rise  Set  Rise  Set  Rise  Set  Rise  Set  Rise  Set  Rise  Set  Rise  Set  Rise  Set  Rise  Set  Rise  Set  Rise  Set
     h m  h m   h m  h m   h m  h m   h m  h m   h m  h m   h m  h m   h m  h m   h m  h m   h m  h m   h m  h m   h m  h m   h m  h m
01  0809 1717  0753 1753  0715 1829  0622 1905  0534 1940  0505 2010  0506 2021  0532 1959  0604 1914  0637 1821  0713 1732  0750 1707
02  0809 1718  0752 1755  0713 1830  0620 1907  0533 1941  0504 2011  0506 2021  0533 1958  0606 1912  0638 1819  0714 1731  0751 1707
03  0809 1719  0751 1756  0712 1832  0618 1908  0532 1942  0504 2012  0507 2020  0534 1957  0607 1910  0639 1817  0716 1730  0752 1707
04  0809 1720  0750 1757  0710 1833  0617 1909  0530 1943  0503 2013  0507 2020  0535 1956  0608 1908  0640 1816  0717 1729  0753 1707
05  0809 1721  0749 1759  0708 1834  0615 1910  0529 1944  0503 2013  0508 2020  0536 1954  0609 1907  0641 1814  0718 1727  0754 1706
06  0809 1722  0748 1800  0707 1835  0613 1911  0528 1945  0503 2014  0509 2019  0537 1953  0610 1905  0642 1812  0719 1726  0755 1706
07  0809 1723  0747 1801  0705 1837  0611 1912  0526 1946  0502 2015  0509 2019  0538 1952  0611 1903  0643 1810  0721 1725  0756 1706
08  0809 1724  0745 1802  0703 1838  0610 1913  0525 1947  0502 2015  0510 2019  0539 1951  0612 1901  0645 1809  0722 1724  0757 1706
09  0809 1725  0744 1804  0702 1839  0608 1915  0524 1948  0502 2016  0511 2018  0540 1949  0613 1900  0646 1807  0723 1723  0757 1706
10  0808 1726  0743 1805  0700 1840  0606 1916  0523 1949  0502 2016  0512 2018  0541 1948  0614 1858  0647 1805  0724 1722  0758 1706
11  0808 1727  0742 1806  0658 1841  0605 1917  0522 1951  0502 2017  0512 2017  0542 1946  0615 1856  0648 1804  0726 1721  0759 1706
12  0808 1728  0740 1808  0657 1842  0603 1918  0521 1952  0501 2017  0513 2017  0543 1945  0616 1854  0649 1802  0727 1720  0800 1706
13  0807 1729  0739 1809  0655 1844  0601 1919  0520 1953  0501 2018  0514 2016  0544 1944  0617 1853  0650 1800  0728 1719  0801 1707
14  0807 1731  0738 1810  0653 1845  0600 1920  0518 1954  0501 2018  0515 2016  0545 1942  0618 1851  0651 1759  0730 1718  0802 1707
15  0807 1732  0736 1812  0651 1846  0558 1921  0517 1955  0501 2019  0515 2015  0546 1941  0619 1849  0653 1757  0731 1717  0802 1707
16  0806 1733  0735 1813  0650 1847  0557 1923  0516 1956  0501 2019  0516 2014  0547 1939  0620 1847  0654 1756  0732 1716  0803 1707
17  0805 1734  0733 1814  0648 1848  0555 1924  0515 1957  0501 2019  0517 2014  0548 1938  0621 1846  0655 1754  0733 1715  0804 1708
18  0805 1735  0732 1815  0646 1849  0553 1925  0515 1958  0502 2020  0518 2013  0550 1936  0623 1844  0656 1752  0734 1714  0804 1708
19  0804 1737  0730 1817  0644 1851  0552 1926  0514 1959  0502 2020  0519 2012  0551 1935  0624 1842  0657 1751  0736 1714  0805 1708
20  0804 1738  0729 1818  0643 1852  0550 1927  0513 2000  0502 2020  0520 2011  0552 1933  0625 1840  0658 1749  0737 1713  0805 1709
21  0803 1739  0727 1819  0641 1853  0549 1928  0512 2001  0502 2020  0521 2010  0553 1932  0626 1838  0700 1748  0738 1712  0806 1709
22  0802 1740  0726 1820  0639 1854  0547 1929  0511 2002  0502 2021  0522 2010  0554 1930  0627 1837  0701 1746  0739 1712  0806 1710
23  0802 1742  0724 1822  0637 1855  0546 1930  0510 2003  0503 2021  0523 2009  0555 1928  0628 1835  0702 1745  0741 1711  0807 1710
24  0801 1743  0723 1823  0636 1856  0544 1932  0509 2004  0503 2021  0524 2008  0556 1927  0629 1833  0703 1743  0742 1710  0807 1711
25  0800 1744  0721 1824  0634 1858  0543 1933  0509 2004  0503 2021  0525 2007  0557 1925  0630 1831  0705 1742  0743 1710  0808 1712
26  0759 1745  0720 1825  0632 1859  0541 1934  0508 2005  0504 2021  0526 2006  0558 1924  0631 1830  0706 1740  0744 1709  0808 1712
27  0758 1747  0718 1827  0630 1900  0540 1935  0507 2006  0504 2021  0527 2005  0559 1922  0632 1828  0707 1739  0745 1709  0808 1713
28  0757 1748  0716 1828  0629 1901  0538 1936  0507 2007  0504 2021  0528 2004  0600 1920  0633 1826  0708 1738  0746 1708  0809 1714
29  0756 1749             0627 1902  0537 1937  0506 2008  0505 2021  0529 2003  0601 1919  0634 1824  0709 1736  0747 1708  0809 1714
30  0755 1751             0625 1903  0536 1938  0506 2009  0505 2021  0530 2002  0602 1917  0636 1822  0711 1735  0749 1708  0809 1715
31  0754 1752             0623 1904             0505 2010             0531 2000  0603 1915             0712 1734             0809 1716

                                             Add one hour for daylight time, if and when in use.
